=== Evaluación de Modelos ===

Precisión KNN en prueba: 68.70
Precisión Red Neuronal en prueba: 57.65

Etiquetas de clase:
0, 1, 2, 3, 4, 5, 6, 7, 8, 9, A_U, B_U, C_U, D_U, E_U, F_U, G_U, H_U, I_U, J_U, K_U, L_U, M_U, N_U, O_U, P_U, Q_U, R_U, S_U, T_U, U_U, V_U, W_U, X_U, Y_U, Z_U, a_L, b_L, c_L, d_L, e_L, f_L, g_L, h_L, i_L, j_L, k_L, l_L, m_L, n_L, o_L, p_L, q_L, r_L, s_L, t_L, u_L, v_L, w_L, x_L, y_L, z_L

Matriz de confusión KNN:
[[ 67   0   0 ...   0   0   0]
 [  0  81   0 ...   0   0   0]
 [  0   1 101 ...   0   0   5]
 ...
 [  0   3   0 ...  92   0   0]
 [  0   1   0 ...   1  56   0]
 [  1   2   5 ...   2   0  85]]

Reporte de clasificación KNN:
              precision    recall  f1-score   support

           0       0.38      0.55      0.45       122
           1       0.38      0.73      0.50       111
           2       0.77      0.78      0.77       129
           3       0.67      0.70      0.68       110
           4       0.73      0.79      0.76       127
           5       0.49      0.69      0.57       117
           6       0.58      0.67      0.62       122
           7       0.73      0.81      0.77       122
           8       0.55      0.71      0.62       107
           9       0.66      0.64      0.65       126
         A_U       0.74      0.79      0.76       113
         B_U       0.66      0.59      0.62       130
         C_U       0.66      0.73      0.69       123
         D_U       0.57      0.65      0.60       130
         E_U       0.57      0.67      0.62       128
         F_U       0.53      0.62      0.57       112
         G_U       0.74      0.53      0.62       129
         H_U       0.68      0.64      0.66       124
         I_U       0.32      0.56      0.41       108
         J_U       0.48      0.69      0.57       110
         K_U       0.79      0.74      0.77       120
         L_U       0.76      0.70      0.73       112
         M_U       0.82      0.73      0.77       108
         N_U       0.85      0.78      0.81       116
         O_U       0.43      0.58      0.50       104
         P_U       0.70      0.57      0.63       117
         Q_U       0.69      0.52      0.59       131
         R_U       0.85      0.66      0.74       112
         S_U       0.76      0.65      0.70       122
         T_U       0.78      0.80      0.79       122
         U_U       0.69      0.73      0.71       114
         V_U       0.73      0.75      0.74       110
         W_U       0.80      0.80      0.80       123
         X_U       0.84      0.73      0.78       121
         Y_U       0.93      0.76      0.84       124
         Z_U       0.80      0.72      0.76       135
         a_L       0.52      0.63      0.57       106
         b_L       0.66      0.71      0.68       110
         c_L       0.62      0.77      0.68       114
         d_L       0.78      0.68      0.73       118
         e_L       0.80      0.68      0.73       118
         f_L       0.83      0.64      0.72       118
         g_L       0.88      0.63      0.73       123
         h_L       0.76      0.64      0.70       125
         i_L       0.71      0.73      0.72       115
         j_L       0.83      0.63      0.71       129
         k_L       0.86      0.70      0.77       120
         l_L       0.44      0.47      0.46       125
         m_L       0.86      0.79      0.82       118
         n_L       0.70      0.73      0.72       128
         o_L       0.55      0.61      0.58       128
         p_L       0.99      0.68      0.81       128
         q_L       0.82      0.79      0.81       115
         r_L       0.72      0.71      0.71       121
         s_L       0.87      0.78      0.82       126
         t_L       0.87      0.64      0.74       118
         u_L       0.78      0.69      0.73       131
         v_L       0.72      0.77      0.74       124
         w_L       0.87      0.80      0.83       133
         x_L       0.86      0.77      0.81       120
         y_L       0.98      0.50      0.66       113
         z_L       0.85      0.68      0.76       125

    accuracy                           0.69      7440
   macro avg       0.71      0.69      0.69      7440
weighted avg       0.72      0.69      0.69      7440


Matriz de confusión Red Neuronal:
[[38  0  0 ...  1  0  0]
 [ 0 35  0 ...  0  0  1]
 [ 0  0 76 ...  1  0 13]
 ...
 [ 0  0  0 ... 79  1  6]
 [ 0  0  0 ...  1 71  1]
 [ 0  0  9 ...  5  1 74]]

Reporte de clasificación Red Neuronal:
              precision    recall  f1-score   support

           0       0.49      0.31      0.38       122
           1       0.29      0.32      0.30       111
           2       0.73      0.59      0.65       129
           3       0.46      0.63      0.53       110
           4       0.70      0.57      0.63       127
           5       0.53      0.54      0.53       117
           6       0.74      0.42      0.53       122
           7       0.65      0.75      0.70       122
           8       0.58      0.58      0.58       107
           9       0.50      0.55      0.52       126
         A_U       0.77      0.68      0.72       113
         B_U       0.49      0.51      0.50       130
         C_U       0.63      0.66      0.65       123
         D_U       0.71      0.46      0.56       130
         E_U       0.84      0.54      0.66       128
         F_U       0.79      0.62      0.69       112
         G_U       0.53      0.36      0.43       129
         H_U       0.60      0.63      0.61       124
         I_U       0.31      0.11      0.16       108
         J_U       0.61      0.15      0.25       110
         K_U       0.62      0.61      0.62       120
         L_U       0.79      0.63      0.70       112
         M_U       0.52      0.61      0.56       108
         N_U       0.83      0.67      0.74       116
         O_U       0.40      0.43      0.42       104
         P_U       0.90      0.68      0.77       117
         Q_U       0.56      0.61      0.59       131
         R_U       0.71      0.42      0.53       112
         S_U       0.73      0.58      0.65       122
         T_U       0.62      0.70      0.66       122
         U_U       0.54      0.59      0.57       114
         V_U       0.68      0.60      0.64       110
         W_U       0.40      0.60      0.48       123
         X_U       0.62      0.60      0.61       121
         Y_U       0.82      0.60      0.70       124
         Z_U       0.74      0.62      0.67       135
         a_L       0.33      0.42      0.37       106
         b_L       0.76      0.61      0.68       110
         c_L       0.48      0.72      0.57       114
         d_L       0.70      0.53      0.60       118
         e_L       0.61      0.49      0.54       118
         f_L       0.57      0.53      0.55       118
         g_L       0.81      0.61      0.69       123
         h_L       0.70      0.61      0.65       125
         i_L       0.52      0.50      0.51       115
         j_L       0.48      0.69      0.56       129
         k_L       0.73      0.57      0.64       120
         l_L       0.37      0.56      0.44       125
         m_L       0.52      0.69      0.60       118
         n_L       0.64      0.67      0.65       128
         o_L       0.43      0.58      0.49       128
         p_L       0.89      0.80      0.84       128
         q_L       0.68      0.77      0.72       115
         r_L       0.47      0.64      0.54       121
         s_L       0.50      0.64      0.56       126
         t_L       0.47      0.64      0.54       118
         u_L       0.68      0.61      0.65       131
         v_L       0.51      0.67      0.58       124
         w_L       0.28      0.66      0.39       133
         x_L       0.63      0.66      0.64       120
         y_L       0.69      0.63      0.66       113
         z_L       0.60      0.59      0.60       125

    accuracy                           0.58      7440
   macro avg       0.60      0.57      0.58      7440
weighted avg       0.61      0.58      0.58      7440
