=== Evaluación de Modelo Mejorado ===

Precisión entrenamiento: 93.72%
Precisión prueba: 76.84%

Configuración del modelo:
- Arquitectura: 3136 -> 512 -> 256 -> 128 -> 62
- Filtros CNN: 16 de 5x5 con MaxPooling 2x2
- Tasa aprendizaje inicial: 0.01 con decaimiento 0.98
- Regularización L2: 0.001

Matriz de confusión:
      0   1   2   3    4   5   6   7   8    9  A_U  B_U  C_U  D_U  E_U  F_U  G_U  H_U  I_U  J_U  K_U  L_U  M_U  N_U  O_U  P_U  Q_U  R_U  S_U  T_U  U_U  V_U  W_U  X_U  Y_U  Z_U  a_L  b_L  c_L  d_L  e_L  f_L  g_L  h_L  i_L  j_L  k_L  l_L  m_L  n_L  o_L  p_L  q_L  r_L  s_L  t_L  u_L  v_L  w_L  x_L  y_L  z_L
0    61   0   0   0    0   0   2   1   2    1    0    0    0    1    0    0    3    0    0    0    1    0    0    0   20    1    1    0    1    0    3    0    0    0    0    0    0    0    0    1    0    0    1    0    0    0    0    4    0    0   14    0    2    0    0    0    0    0    2    0    0    0
1     0  91   0   0    0   1   0   1   0    0    0    0    0    0    0    0    0    0    4    2    0    0    0    0    1    0    0    1    0    0    0    0    0    0    0    0    0    0    1    1    0    0    0    0    2    0    1    2    0    0    0    0    0    1    1    0    0    0    0    0    0    1
2     0   0  96   0    2   1   0   1   0    0    2    0    0    2    0    1    0    0    0    1    0    0    0    0    0    0    1    0    0    0    0    0    0    0    0    1    4    0    0    4    1    0    0    0    1    0    0    0    0    0    0    0    0    0    0    0    0    0    1    0    0   10
3     1   2   5  86    0   0   0   1   1    0    0    1    0    2    0    0    0    0    1    0    2    0    0    0    0    0    0    0    1    0    0    0    0    0    1    0    0    1    0    0    0    0    0    0    0    1    0    1    0    0    0    0    0    0    3    0    0    0    0    0    0    0
4     0   1   0   0  106   0   0   0   0    0    3    0    0    0    0    0    0    0    0    0    1    1    0    0    1    0    0    0    0    0    0    0    0    0    2    0    1    1    0    1    0    1    2    0    0    0    0    0    1    0    0    0    2    0    0    2    0    0    0    0    1    0
5     1   0   0   3    0  91   1   0   1    1    0    1    0    0    0    1    1    0    0    1    0    0    0    0    0    0    0    0    2    0    0    0    0    0    0    0    0    0    0    0    1    1    2    0    0    0    0    0    1    0    0    1    0    0    5    0    0    0    2    0    0    0
6     1   1   0   0    0   2  87   0   2    1    0    0    0    0    2    0    3    1    0    0    1    0    0    0    1    0    0    0    1    0    0    0    0    0    0    0    0    2    1    1    2    0    0    2    2    0    1    0    0    0    5    0    1    1    1    0    0    0    0    0    0    0
7     0   4   0   2    0   1   0  93   0    1    0    0    0    1    1    1    1    0    0    1    0    0    1    0    0    0    1    0    0    2    1    0    0    0    1    0    0    0    0    0    1    0    1    0    0    2    0    0    0    0    0    0    0    0    0    0    0    0    0    3    1    2
8     2   1   2   3    0   5   1   0  74    1    1    1    0    1    1    0    0    0    0    0    0    0    0    0    0    0    0    1    4    0    0    0    0    0    0    0    1    0    0    1    0    0    0    1    0    0    0    0    0    0    0    0    0    1    4    0    0    0    1    0    0    0
9     2   0   0   3    0   1   0   1   2  100    0    0    0    0    0    1    1    0    0    0    0    0    0    0    0    0    2    1    1    0    0    0    0    0    0    0    2    0    0    0    0    0    1    0    1    0    0    0    0    0    1    0    3    1    1    0    0    0    1    0    0    0
A_U   0   0   0   0    2   0   0   0   0    0   94    0    0    1    0    1    2    1    0    1    0    0    2    0    1    0    0    1    0    0    1    0    0    0    0    0    0    0    0    0    0    1    0    2    0    0    0    0    0    1    0    0    0    0    0    0    0    0    1    0    0    1
B_U   0   0   0   0    0   1   3   0   7    0    0   91    0    3    3    0    2    2    1    0    0    2    2    0    0    2    0    0    1    0    0    0    1    0    2    0    0    1    0    1    0    0    0    2    0    0    0    1    0    1    0    0    0    0    0    0    0    0    0    1    0    0
C_U   1   0   0   1    0   0   0   0   0    0    0    0  104    0    0    0    7    0    0    0    1    0    0    0    0    0    1    0    1    0    1    0    0    0    1    0    0    0    4    0    0    0    0    0    0    0    0    0    0    0    1    0    0    0    0    0    0    0    0    0    0    0
D_U   3   0   0   0    0   1   2   2   0    0    0    1    0   95    1    1    0    0    0    1    0    0    1    0    6    2    2    1    1    0    0    1    0    0    1    1    0    1    1    0    0    0    0    1    0    0    0    0    1    0    1    0    0    0    0    0    0    1    0    0    1    0
E_U   0   0   0   0    0   0   0   0   0    0    1    1    4    1   98    3    3    0    1    0    0    2    0    0    1    1    1    1    1    0    0    0    0    0    0    1    0    1    3    0    4    0    0    0    0    0    0    0    0    0    0    0    0    0    0    0    0    0    0    0    0    0
F_U   0   0   0   0    0   2   1   1   0    2    0    0    1    0    1   84    4    0    1    1    0    0    1    0    1    1    0    0    0    3    0    0    1    0    1    0    0    0    0    0    0    1    0    0    1    0    0    0    0    0    0    0    0    3    0    1    0    0    0    0    0    0
G_U   2   0   1   0    0   0   3   0   0    4    1    2    5    2    1    0   92    0    0    0    0    1    2    0    4    0    1    0    1    0    1    1    1    0    0    0    1    0    0    0    0    0    0    0    0    0    0    0    0    0    2    0    0    0    0    0    0    0    1    0    0    0
H_U   0   1   0   0    1   1   0   1   0    0    0    0    0    0    0    0    5   91    0    0    0    1    6    2    0    0    0    3    0    0    2    0    2    1    0    0    0    0    0    0    0    0    0    2    0    0    0    0    1    3    0    0    0    0    0    0    0    0    1    0    0    0
I_U   0   3   0   1    0   0   0   1   0    0    0    0    0    0    0    2    1    0   62    1    0    1    1    1    0    0    0    0    0    3    0    0    0    0    0    0    1    0    0    0    0    0    0    0    6    1    0   21    0    1    0    0    0    0    0    1    0    0    0    0    0    0
J_U   1   3   0   2    1   1   0   0   0    0    0    2    1    0    0    0    1    1    4   79    0    1    0    0    0    0    0    0    0    1    0    0    0    0    0    0    0    0    0    3    0    1    0    0    1    2    2    2    0    0    0    0    0    0    0    0    1    0    0    0    0    0
K_U   0   0   0   0    0   0   1   0   0    0    0    0    1    0    0    3    1    1    1    0   94    1    0    2    1    0    0    3    0    1    0    0    0    2    0    0    0    0    0    0    0    0    0    1    0    0    6    1    0    0    0    0    0    0    0    0    0    0    0    0    0    0
L_U   0   1   0   0    1   0   0   0   0    0    0    0    1    0    1    0    2    1    1    1    1   93    0    0    1    0    0    0    0    0    0    0    0    0    1    0    0    0    0    0    0    0    0    0    0    0    1    2    2    0    0    0    0    0    0    0    1    0    1    0    0    0
M_U   0   0   0   0    0   0   0   0   0    0    1    0    0    0    2    0    0    3    0    0    1    1   85    1    1    0    1    0    0    0    2    0    3    0    1    0    0    0    0    0    0    0    0    0    0    0    0    0    5    1    0    0    0    0    0    0    0    0    0    0    0    0
N_U   0   0   0   0    1   0   0   0   0    0    2    0    0    0    0    1    0    2    0    1    0    0    3   99    0    0    0    2    0    0    0    0    1    0    0    0    0    0    0    0    0    0    0    1    0    0    0    0    0    2    0    0    0    0    0    0    0    0    1    0    0    0
O_U  17   0   0   0    0   0   1   1   0    0    0    0    2    1    0    0    3    0    0    0    0    0    0    0   65    0    3    1    1    0    3    0    0    0    0    0    0    0    0    1    0    0    0    0    0    0    0    0    0    0    4    0    0    0    0    0    0    0    0    0    0    1
P_U   0   0   0   0    0   1   0   0   0    0    0    0    1    0    2    6    1    0    0    0    0    0    1    0    0   97    0    2    0    1    1    0    0    0    1    0    1    0    0    0    0    1    0    0    0    0    0    0    0    0    0    1    0    0    0    0    0    0    0    0    0    0
Q_U   3   0   1   0    0   0   0   0   2    2    0    0    4    2    0    0    2    1    0    0    1    1    1    0    7    1   86    1    0    0    1    0    0    0    1    1    1    0    0    1    0    0    0    0    0    0    0    0    0    0    2    0    8    0    0    0    0    0    1    0    0    0
R_U   0   0   0   0    0   0   0   0   0    0    1    4    0    1    0    0    1    0    0    0    2    0    1    1    0    0    1   87    0    0    0    0    0    4    0    0    0    0    0    0    1    0    1    1    0    0    1    0    0    0    0    0    1    2    0    0    0    0    1    1    0    0
S_U   0   0   0   2    0   3   1   0   2    0    0    2    0    2    1    0    2    0    0    0    0    0    1    0    0    0    0    0   91    0    0    0    0    0    0    0    1    0    0    0    0    1    1    0    1    0    0    0    0    0    0    0    0    0   10    0    0    1    0    0    0    0
T_U   0   1   0   0    0   0   0   3   0    0    1    1    0    0    0    0    2    0    4    1    0    1    0    0    1    0    0    0    1   99    0    0    0    0    1    0    0    0    0    0    0    0    0    0    0    0    0    0    1    0    0    0    0    3    1    0    0    0    1    0    0    0
U_U   2   0   0   0    0   0   0   0   0    0    0    0    0    0    0    0    0    2    0    0    1    2    1    1    1    0    1    0    0    1   94    1    0    0    1    0    0    0    1    0    0    0    0    0    0    0    0    2    0    0    0    0    0    0    0    0    3    0    0    0    0    0
V_U   0   0   1   0    0   0   0   0   0    0    0    0    0    0    1    0    1    0    0    0    0    1    0    2    0    0    0    0    0    1    1   79    2    0    5    1    0    0    0    0    0    0    0    0    2    0    0    0    0    0    0    0    0    0    0    0    1   10    0    0    2    0
W_U   0   0   0   0    0   0   0   1   0    0    1    0    0    0    3    1    0    2    0    0    1    0    5    2    1    0    1    1    0    0    1    0   93    0    0    0    0    0    0    0    0    0    0    0    1    0    1    0    1    0    0    0    0    0    1    0    0    0    6    0    0    0
X_U   0   0   0   0    0   0   0   0   0    0    1    0    0    0    0    0    0    0    1    0    3    1    1    0    0    0    0    0    0    0    0    0    1   98    0    0    0    0    0    1    0    0    0    1    0    0    0    0    0    0    0    0    0    0    1    0    0    0    0   11    0    1
Y_U   0   0   0   0    0   0   0   1   1    1    0    1    0    0    0    0    2    0    0    1    1    0    0    0    0    0    1    0    0    1    0    7    2    2   96    0    0    1    0    0    0    0    0    1    0    0    0    0    0    0    0    0    0    0    0    0    0    1    3    0    1    0
Z_U   0   0   1   1    0   1   0   1   1    0    0    0    0    0    2    1    0    0    1    0    0    2    0    0    1    1    0    0    1    1    0    0    0    2    0  103    1    0    0    0    0    0    0    0    1    0    0    1    0    0    0    0    0    0    0    0    0    0    1    1    0   10
a_L   0   0   1   2    0   0   0   0   1    0    2    0    0    0    0    0    0    0    0    0    0    0    0    0    0    0    1    1    0    0    0    0    0    0    0    0   80    1    0    2    0    0    1    0    0    0    1    0    1    1    6    0    4    0    0    0    0    0    1    0    0    0
b_L   0   0   0   0    0   1   1   0   1    0    0    3    0    3    1    0    0    0    0    1    0    0    0    0    1    0    0    0    0    0    0    0    0    0    0    0    0   85    1    1    1    0    0    5    0    0    1    0    0    0    2    0    1    0    0    0    0    0    0    0    1    0
c_L   0   0   0   0    0   0   0   0   0    0    0    0    6    0    0    0    0    0    0    1    0    0    0    0    0    0    0    0    0    0    0    0    0    0    0    0    0    0   97    0    2    0    0    0    0    0    0    0    0    0    2    0    5    0    1    0    0    0    0    0    0    0
d_L   1   0   0   0    1   0   0   0   1    0    1    0    0    3    0    0    0    1    1    1    0    0    0    0    4    0    0    0    0    0    0    1    0    0    0    0    3    0    0   95    0    0    0    0    0    0    0    0    1    0    0    0    1    0    0    0    0    0    2    1    0    0
e_L   0   0   1   1    0   0   2   1   1    1    0    0    0    0    0    0    0    0    0    0    0    0    0    0    1    0    0    0    0    0    1    0    0    0    0    0    2    0    8    1   93    1    0    0    0    0    0    0    0    0    1    0    0    2    1    0    0    0    0    0    0    0
f_L   0   0   0   0    0   0   0   0   0    0    0    0    1    0    0    0    0    0    2    1    0    0    0    0    0    0    0    0    0    1    0    1    0    0    0    0    1    0    0    0    0   86    0    0    4    3    0    2    1    0    0    1    0    5    0    7    0    0    1    0    1    0
g_L   0   0   0   1    0   0   2   0   0    8    0    0    0    0    0    0    2    0    1    0    0    0    0    0    0    1    0    0    0    0    0    0    0    0    0    0    1    0    2    1    0    0   94    0    1    1    0    2    0    0    1    0    2    1    1    1    0    0    0    0    0    0
h_L   0   0   0   0    0   0   0   0   0    0    0    0    0    0    0    0    0    0    0    0    0    0    0    0    0    0    1    1    0    0    0    0    1    0    0    0    0    4    1    0    1    0    0  109    0    0    3    1    0    2    0    0    0    0    0    0    0    0    0    1    0    0
i_L   0   8   0   0    0   0   0   1   1    0    1    0    0    0    0    0    0    0    5    0    0    0    0    0    0    0    0    0    0    0    0    0    0    0    1    0    0    1    0    0    0    0    0    0   87    2    0    2    0    1    0    0    0    1    1    3    0    0    0    0    0    0
j_L   0   0   0   5    0   1   0   0   0    0    0    0    0    0    0    0    0    0    0    4    0    0    0    0    0    0    0    0    0    0    0    0    0    0    0    0    1    0    0    0    0    0    4    1    7  105    0    1    0    0    0    0    0    0    0    0    0    0    0    0    0    0
k_L   0   0   0   0    0   0   0   0   0    0    1    2    0    0    0    0    0    0    0    0    5    0    0    0    0    0    0    1    0    0    0    0    0    0    0    0    0    5    1    0    1    0    0    3    2    0   94    0    1    1    0    0    0    0    0    0    0    1    0    1    1    0
l_L   0   5   0   0    0   0   0   0   0    0    0    0    1    0    0    0    0    0   24    0    0    3    0    0    0    0    0    0    0    0    0    0    0    0    0    0    0    1    0    0    0    0    0    1    0    1    0   83    1    0    0    0    0    0    0    5    0    0    0    0    0    0
m_L   1   0   0   0    0   0   0   1   0    0    0    0    0    0    0    0    0    0    0    0    0    0    2    0    1    3    0    1    0    0    1    0    1    0    0    0    1    0    0    0    0    1    0    0    0    0    0    0   96    2    0    0    1    0    0    0    0    1    5    0    0    0
n_L   0   0   0   0    0   0   0   0   0    0    0    0    0    1    0    0    0    1    0    0    0    0    0    3    2    0    0    1    0    0    0    0    0    0    0    0    3    0    0    0    1    0    0    1    0    0    0    0    2  107    0    0    1    0    0    0    2    1    0    2    0    0
o_L   8   0   0   0    0   0   0   0   0    0    0    0    0    0    0    0    0    0    0    1    0    0    0    0    2    0    1    0    0    0    0    0    0    0    0    0    3    0    2    0    1    0    1    1    0    0    0    0    0    0  105    0    1    0    0    0    0    1    1    0    0    0
p_L   0   0   0   0    0   0   0   0   0    0    1    0    0    5    0    0    0    0    0    0    0    0    0    0    0    5    0    0    0    0    0    0    0    0    0    0    3    0    0    0    1    1    0    0    0    1    0    0    2    3    0  103    0    1    0    0    0    0    0    0    2    0
q_L   0   0   0   0    0   0   0   0   2    2    0    0    0    0    0    0    1    0    0    1    0    0    0    0    0    0    1    0    0    0    0    0    0    0    0    0    0    0    0    0    1    0    1    1    0    0    0    1    0    0    0    2   97    0    0    1    1    0    3    0    0    0
r_L   0   2   0   0    0   0   0   0   0    0    0    0    0    1    0    1    0    0    1    0    0    0    0    0    0    0    0    4    0    0    0    0    0    0    0    0    0    0    3    0    0    1    0    1    4    0    0    0    0    1    1    0    0   92    0    5    0    0    1    2    0    1
s_L   0   0   1   0    2   2   0   0   1    1    0    1    0    0    0    0    0    0    2    0    0    0    0    0    0    0    0    0    3    0    0    0    0    0    0    0    1    0    0    0    2    0    0    0    2    1    0    1    0    1    1    0    0    0  100    1    0    1    0    1    0    1
t_L   0   4   0   0    0   0   0   0   0    0    0    0    0    0    0    0    0    0    1    0    0    0    1    0    0    0    0    0    1    3    0    0    0    0    1    0    0    0    0    0    1    2    0    1    0    0    1    5    0    0    0    0    1    2    0   92    0    0    1    1    0    0
u_L   1   2   0   0    0   0   0   1   0    0    0    0    0    0    0    0    0    0    0    0    0    0    2    0    1    0    0    0    0    0    6    1    0    0    0    0    2    0    0    2    0    0    0    0    0    0    0    1    0    3    1    0    0    1    0    1  100    1    4    1    0    0
v_L   0   0   0   0    0   0   0   1   0    1    0    0    0    0    0    0    0    0    0    1    0    0    0    0    0    0    0    0    0    1    1    6    1    0    1    0    2    1    0    0    0    0    0    0    1    0    0    0    0    0    1    0    2    1    0    0    3   93    5    1    1    0
w_L   0   0   0   0    0   0   0   0   0    0    0    1    0    0    0    0    0    0    0    0    0    0    0    1    0    0    0    1    0    0    1    0    7    0    2    0    1    1    0    0    0    0    0    0    0    0    0    0    7    1    0    0    0    0    1    0    1    1  106    0    1    0
x_L   0   0   0   0    0   0   0   0   1    0    0    0    0    0    0    0    0    0    1    1    0    0    0    1    0    0    1    0    0    0    0    0    0    6    0    0    0    0    1    0    0    0    1    0    0    0    0    0    0    0    0    0    0    2    0    0    0    1    0   99    0    5
y_L   0   0   0   0    0   0   0   2   0    1    0    0    0    1    0    0    0    0    0    0    0    0    0    0    0    0    0    0    0    0    1    1    1    0    2    1    1    0    0    0    0    0    5    0    0    4    0    0    0    0    0    2    0    0    0    1    0    3    1    2   84    0
z_L   0   0   1   0    0   0   0   1   1    0    0    0    0    0    0    0    0    0    0    0    0    1    0    0    0    0    0    0    0    0    0    0    0    0    0    8    2    0    0    1    1    0    1    1    0    0    0    0    0    1    0    0    0    0    3    2    0    0    0    0    0  101

Reporte de clasificación:
              precision    recall  f1-score   support

           0       0.56      0.50      0.53       122
           1       0.70      0.82      0.76       111
           2       0.86      0.74      0.80       129
           3       0.76      0.78      0.77       110
           4       0.91      0.83      0.87       127
           5       0.78      0.78      0.78       117
           6       0.81      0.71      0.76       122
           7       0.79      0.76      0.78       122
           8       0.70      0.69      0.70       107
           9       0.78      0.79      0.79       126
         A_U       0.82      0.83      0.82       113
         B_U       0.79      0.70      0.74       130
         C_U       0.79      0.85      0.82       123
         D_U       0.74      0.73      0.73       130
         E_U       0.81      0.77      0.79       128
         F_U       0.78      0.75      0.76       112
         G_U       0.63      0.71      0.67       129
         H_U       0.83      0.73      0.78       124
         I_U       0.52      0.57      0.54       108
         J_U       0.76      0.72      0.74       110
         K_U       0.81      0.78      0.80       120
         L_U       0.80      0.83      0.82       112
         M_U       0.71      0.79      0.75       108
         N_U       0.85      0.85      0.85       116
         O_U       0.51      0.62      0.56       104
         P_U       0.84      0.83      0.84       117
         Q_U       0.79      0.66      0.72       131
         R_U       0.75      0.78      0.76       112
         S_U       0.81      0.75      0.77       122
         T_U       0.83      0.81      0.82       122
         U_U       0.76      0.82      0.79       114
         V_U       0.80      0.72      0.76       110
         W_U       0.79      0.76      0.77       123
         X_U       0.85      0.81      0.83       121
         Y_U       0.78      0.77      0.78       124
         Z_U       0.88      0.76      0.82       135
         a_L       0.66      0.75      0.70       106
         b_L       0.79      0.77      0.78       110
         c_L       0.76      0.85      0.80       114
         d_L       0.80      0.81      0.80       118
         e_L       0.80      0.79      0.79       118
         f_L       0.87      0.73      0.79       118
         g_L       0.80      0.76      0.78       123
         h_L       0.78      0.87      0.82       125
         i_L       0.69      0.76      0.72       115
         j_L       0.85      0.81      0.83       129
         k_L       0.83      0.78      0.81       120
         l_L       0.61      0.66      0.64       125
         m_L       0.77      0.81      0.79       118
         n_L       0.80      0.84      0.82       128
         o_L       0.70      0.82      0.75       128
         p_L       0.94      0.80      0.87       128
         q_L       0.73      0.84      0.78       115
         r_L       0.77      0.76      0.76       121
         s_L       0.74      0.79      0.76       126
         t_L       0.75      0.78      0.76       118
         u_L       0.88      0.76      0.82       131
         v_L       0.79      0.75      0.77       124
         w_L       0.68      0.80      0.73       133
         x_L       0.77      0.82      0.80       120
         y_L       0.87      0.74      0.80       113
         z_L       0.75      0.81      0.78       125

    accuracy                           0.77      7440
   macro avg       0.77      0.77      0.77      7440
weighted avg       0.77      0.77      0.77      7440
