=== Evaluación de Modelos ===

Precisión Red Neuronal en prueba: 1.55

Etiquetas de clase:
0, 1, 2, 3, 4, 5, 6, 7, 8, 9, A_U, B_U, C_U, D_U, E_U, F_U, G_U, H_U, I_U, J_U, K_U, L_U, M_U, N_U, O_U, P_U, Q_U, R_U, S_U, T_U, U_U, V_U, W_U, X_U, Y_U, Z_U, a_L, b_L, c_L, d_L, e_L, f_L, g_L, h_L, i_L, j_L, k_L, l_L, m_L, n_L, o_L, p_L, q_L, r_L, s_L, t_L, u_L, v_L, w_L, x_L, y_L, z_L



Matriz de confusión Red Neuronal:
     0  1  2  3  4  5  6  7  8  9   A_U  B_U  C_U  D_U  E_U  F_U  G_U  H_U  I_U  J_U  K_U  L_U  M_U  N_U  O_U  P_U  Q_U  R_U  S_U  T_U  U_U  V_U  W_U  X_U  Y_U  Z_U  a_L  b_L  c_L  d_L  e_L  f_L  g_L  h_L  i_L  j_L  k_L  l_L  m_L  n_L  o_L  p_L  q_L  r_L  s_L  t_L  u_L  v_L  w_L  x_L  y_L  z_L
0    0  0  0  0  0  0  0  0  0  0  1036    0    0    0    0    0    0    0    0    0    0    0    0    0    0    0    0    0    0    0    0    0    0    0    0    0    0    0    0    0    0    0    0    0    0    0    0    0    0    0    0    0    0    0    0    0    0    0    0    0    0    0
1    0  0  0  0  0  0  0  0  0  0  1095    0    0    0    0    0    0    0    0    0    0    0    0    0    0    0    0    0    0    0    0    0    0    0    0    0    0    0    0    0    0    0    0    0    0    0    0    0    0    0    0    0    0    0    0    0    0    0    0    0    0    0
2    0  0  0  0  0  0  0  0  0  0  1107    0    0    0    0    0    0    0    0    0    0    0    0    0    0    0    0    0    0    0    0    0    0    0    0    0    0    0    0    0    0    0    0    0    0    0    0    0    0    0    0    0    0    0    0    0    0    0    0    0    0    0
3    0  0  0  0  0  0  0  0  0  0  1045    0    0    0    0    0    0    0    0    0    0    0    0    0    0    0    0    0    0    0    0    0    0    0    0    0    0    0    0    0    0    0    0    0    0    0    0    0    0    0    0    0    0    0    0    0    0    0    0    0    0    0
4    0  0  0  0  0  0  0  0  0  0  1056    0    0    0    0    0    0    0    0    0    0    0    0    0    0    0    0    0    0    0    0    0    0    0    0    0    0    0    0    0    0    0    0    0    0    0    0    0    0    0    0    0    0    0    0    0    0    0    0    0    0    0
5    0  0  0  0  0  0  0  0  0  0  1086    0    0    0    0    0    0    0    0    0    0    0    0    0    0    0    0    0    0    0    0    0    0    0    0    0    0    0    0    0    0    0    0    0    0    0    0    0    0    0    0    0    0    0    0    0    0    0    0    0    0    0
6    0  0  0  0  0  0  0  0  0  0  1050    0    0    0    0    0    0    0    0    0    0    0    0    0    0    0    0    0    0    0    0    0    0    0    0    0    0    0    0    0    0    0    0    0    0    0    0    0    0    0    0    0    0    0    0    0    0    0    0    0    0    0
7    0  0  0  0  0  0  0  0  0  0  1079    0    0    0    0    0    0    0    0    0    0    0    0    0    0    0    0    0    0    0    0    0    0    0    0    0    0    0    0    0    0    0    0    0    0    0    0    0    0    0    0    0    0    0    0    0    0    0    0    0    0    0
8    0  0  0  0  0  0  0  0  0  0  1021    0    0    0    0    0    0    0    0    0    0    0    0    0    0    0    0    0    0    0    0    0    0    0    0    0    0    0    0    0    0    0    0    0    0    0    0    0    0    0    0    0    0    0    0    0    0    0    0    0    0    0
9    0  0  0  0  0  0  0  0  0  0   980    0    0    0    0    0    0    0    0    0    0    0    0    0    0    0    0    0    0    0    0    0    0    0    0    0    0    0    0    0    0    0    0    0    0    0    0    0    0    0    0    0    0    0    0    0    0    0    0    0    0    0
A_U  0  0  0  0  0  0  0  0  0  0   975    0    0    0    0    0    0    0    0    0    0    0    0    0    0    0    0    0    0    0    0    0    0    0    0    0    0    0    0    0    0    0    0    0    0    0    0    0    0    0    0    0    0    0    0    0    0    0    0    0    0    0
B_U  0  0  0  0  0  0  0  0  0  0  1023    0    0    0    0    0    0    0    0    0    0    0    0    0    0    0    0    0    0    0    0    0    0    0    0    0    0    0    0    0    0    0    0    0    0    0    0    0    0    0    0    0    0    0    0    0    0    0    0    0    0    0
C_U  0  0  0  0  0  0  0  0  0  0  1048    0    0    0    0    0    0    0    0    0    0    0    0    0    0    0    0    0    0    0    0    0    0    0    0    0    0    0    0    0    0    0    0    0    0    0    0    0    0    0    0    0    0    0    0    0    0    0    0    0    0    0
D_U  0  0  0  0  0  0  0  0  0  0  1050    0    0    0    0    0    0    0    0    0    0    0    0    0    0    0    0    0    0    0    0    0    0    0    0    0    0    0    0    0    0    0    0    0    0    0    0    0    0    0    0    0    0    0    0    0    0    0    0    0    0    0
E_U  0  0  0  0  0  0  0  0  0  0  1068    0    0    0    0    0    0    0    0    0    0    0    0    0    0    0    0    0    0    0    0    0    0    0    0    0    0    0    0    0    0    0    0    0    0    0    0    0    0    0    0    0    0    0    0    0    0    0    0    0    0    0
F_U  0  0  0  0  0  0  0  0  0  0  1038    0    0    0    0    0    0    0    0    0    0    0    0    0    0    0    0    0    0    0    0    0    0    0    0    0    0    0    0    0    0    0    0    0    0    0    0    0    0    0    0    0    0    0    0    0    0    0    0    0    0    0
G_U  0  0  0  0  0  0  0  0  0  0  1026    0    0    0    0    0    0    0    0    0    0    0    0    0    0    0    0    0    0    0    0    0    0    0    0    0    0    0    0    0    0    0    0    0    0    0    0    0    0    0    0    0    0    0    0    0    0    0    0    0    0    0
H_U  0  0  0  0  0  0  0  0  0  0  1032    0    0    0    0    0    0    0    0    0    0    0    0    0    0    0    0    0    0    0    0    0    0    0    0    0    0    0    0    0    0    0    0    0    0    0    0    0    0    0    0    0    0    0    0    0    0    0    0    0    0    0
I_U  0  0  0  0  0  0  0  0  0  0  1051    0    0    0    0    0    0    0    0    0    0    0    0    0    0    0    0    0    0    0    0    0    0    0    0    0    0    0    0    0    0    0    0    0    0    0    0    0    0    0    0    0    0    0    0    0    0    0    0    0    0    0
J_U  0  0  0  0  0  0  0  0  0  0  1033    0    0    0    0    0    0    0    0    0    0    0    0    0    0    0    0    0    0    0    0    0    0    0    0    0    0    0    0    0    0    0    0    0    0    0    0    0    0    0    0    0    0    0    0    0    0    0    0    0    0    0
K_U  0  0  0  0  0  0  0  0  0  0  1013    0    0    0    0    0    0    0    0    0    0    0    0    0    0    0    0    0    0    0    0    0    0    0    0    0    0    0    0    0    0    0    0    0    0    0    0    0    0    0    0    0    0    0    0    0    0    0    0    0    0    0
L_U  0  0  0  0  0  0  0  0  0  0  1007    0    0    0    0    0    0    0    0    0    0    0    0    0    0    0    0    0    0    0    0    0    0    0    0    0    0    0    0    0    0    0    0    0    0    0    0    0    0    0    0    0    0    0    0    0    0    0    0    0    0    0
M_U  0  0  0  0  0  0  0  0  0  0  1083    0    0    0    0    0    0    0    0    0    0    0    0    0    0    0    0    0    0    0    0    0    0    0    0    0    0    0    0    0    0    0    0    0    0    0    0    0    0    0    0    0    0    0    0    0    0    0    0    0    0    0
N_U  0  0  0  0  0  0  0  0  0  0  1030    0    0    0    0    0    0    0    0    0    0    0    0    0    0    0    0    0    0    0    0    0    0    0    0    0    0    0    0    0    0    0    0    0    0    0    0    0    0    0    0    0    0    0    0    0    0    0    0    0    0    0
O_U  0  0  0  0  0  0  0  0  0  0  1084    0    0    0    0    0    0    0    0    0    0    0    0    0    0    0    0    0    0    0    0    0    0    0    0    0    0    0    0    0    0    0    0    0    0    0    0    0    0    0    0    0    0    0    0    0    0    0    0    0    0    0
P_U  0  0  0  0  0  0  0  0  0  0  1097    0    0    0    0    0    0    0    0    0    0    0    0    0    0    0    0    0    0    0    0    0    0    0    0    0    0    0    0    0    0    0    0    0    0    0    0    0    0    0    0    0    0    0    0    0    0    0    0    0    0    0
Q_U  0  0  0  0  0  0  0  0  0  0  1030    0    0    0    0    0    0    0    0    0    0    0    0    0    0    0    0    0    0    0    0    0    0    0    0    0    0    0    0    0    0    0    0    0    0    0    0    0    0    0    0    0    0    0    0    0    0    0    0    0    0    0
R_U  0  0  0  0  0  0  0  0  0  0  1052    0    0    0    0    0    0    0    0    0    0    0    0    0    0    0    0    0    0    0    0    0    0    0    0    0    0    0    0    0    0    0    0    0    0    0    0    0    0    0    0    0    0    0    0    0    0    0    0    0    0    0
S_U  0  0  0  0  0  0  0  0  0  0  1018    0    0    0    0    0    0    0    0    0    0    0    0    0    0    0    0    0    0    0    0    0    0    0    0    0    0    0    0    0    0    0    0    0    0    0    0    0    0    0    0    0    0    0    0    0    0    0    0    0    0    0
T_U  0  0  0  0  0  0  0  0  0  0  1077    0    0    0    0    0    0    0    0    0    0    0    0    0    0    0    0    0    0    0    0    0    0    0    0    0    0    0    0    0    0    0    0    0    0    0    0    0    0    0    0    0    0    0    0    0    0    0    0    0    0    0
U_U  0  0  0  0  0  0  0  0  0  0  1036    0    0    0    0    0    0    0    0    0    0    0    0    0    0    0    0    0    0    0    0    0    0    0    0    0    0    0    0    0    0    0    0    0    0    0    0    0    0    0    0    0    0    0    0    0    0    0    0    0    0    0
V_U  0  0  0  0  0  0  0  0  0  0  1057    0    0    0    0    0    0    0    0    0    0    0    0    0    0    0    0    0    0    0    0    0    0    0    0    0    0    0    0    0    0    0    0    0    0    0    0    0    0    0    0    0    0    0    0    0    0    0    0    0    0    0
W_U  0  0  0  0  0  0  0  0  0  0  1073    0    0    0    0    0    0    0    0    0    0    0    0    0    0    0    0    0    0    0    0    0    0    0    0    0    0    0    0    0    0    0    0    0    0    0    0    0    0    0    0    0    0    0    0    0    0    0    0    0    0    0
X_U  0  0  0  0  0  0  0  0  0  0  1022    0    0    0    0    0    0    0    0    0    0    0    0    0    0    0    0    0    0    0    0    0    0    0    0    0    0    0    0    0    0    0    0    0    0    0    0    0    0    0    0    0    0    0    0    0    0    0    0    0    0    0
Y_U  0  0  0  0  0  0  0  0  0  0  1027    0    0    0    0    0    0    0    0    0    0    0    0    0    0    0    0    0    0    0    0    0    0    0    0    0    0    0    0    0    0    0    0    0    0    0    0    0    0    0    0    0    0    0    0    0    0    0    0    0    0    0
Z_U  0  0  0  0  0  0  0  0  0  0  1052    0    0    0    0    0    0    0    0    0    0    0    0    0    0    0    0    0    0    0    0    0    0    0    0    0    0    0    0    0    0    0    0    0    0    0    0    0    0    0    0    0    0    0    0    0    0    0    0    0    0    0
a_L  0  0  0  0  0  0  0  0  0  0   974    0    0    0    0    0    0    0    0    0    0    0    0    0    0    0    0    0    0    0    0    0    0    0    0    0    0    0    0    0    0    0    0    0    0    0    0    0    0    0    0    0    0    0    0    0    0    0    0    0    0    0
b_L  0  0  0  0  0  0  0  0  0  0   984    0    0    0    0    0    0    0    0    0    0    0    0    0    0    0    0    0    0    0    0    0    0    0    0    0    0    0    0    0    0    0    0    0    0    0    0    0    0    0    0    0    0    0    0    0    0    0    0    0    0    0
c_L  0  0  0  0  0  0  0  0  0  0  1002    0    0    0    0    0    0    0    0    0    0    0    0    0    0    0    0    0    0    0    0    0    0    0    0    0    0    0    0    0    0    0    0    0    0    0    0    0    0    0    0    0    0    0    0    0    0    0    0    0    0    0
d_L  0  0  0  0  0  0  0  0  0  0   997    0    0    0    0    0    0    0    0    0    0    0    0    0    0    0    0    0    0    0    0    0    0    0    0    0    0    0    0    0    0    0    0    0    0    0    0    0    0    0    0    0    0    0    0    0    0    0    0    0    0    0
e_L  0  0  0  0  0  0  0  0  0  0   961    0    0    0    0    0    0    0    0    0    0    0    0    0    0    0    0    0    0    0    0    0    0    0    0    0    0    0    0    0    0    0    0    0    0    0    0    0    0    0    0    0    0    0    0    0    0    0    0    0    0    0
f_L  0  0  0  0  0  0  0  0  0  0  1018    0    0    0    0    0    0    0    0    0    0    0    0    0    0    0    0    0    0    0    0    0    0    0    0    0    0    0    0    0    0    0    0    0    0    0    0    0    0    0    0    0    0    0    0    0    0    0    0    0    0    0
g_L  0  0  0  0  0  0  0  0  0  0   996    0    0    0    0    0    0    0    0    0    0    0    0    0    0    0    0    0    0    0    0    0    0    0    0    0    0    0    0    0    0    0    0    0    0    0    0    0    0    0    0    0    0    0    0    0    0    0    0    0    0    0
h_L  0  0  0  0  0  0  0  0  0  0   976    0    0    0    0    0    0    0    0    0    0    0    0    0    0    0    0    0    0    0    0    0    0    0    0    0    0    0    0    0    0    0    0    0    0    0    0    0    0    0    0    0    0    0    0    0    0    0    0    0    0    0
i_L  0  0  0  0  0  0  0  0  0  0   995    0    0    0    0    0    0    0    0    0    0    0    0    0    0    0    0    0    0    0    0    0    0    0    0    0    0    0    0    0    0    0    0    0    0    0    0    0    0    0    0    0    0    0    0    0    0    0    0    0    0    0
j_L  0  0  0  0  0  0  0  0  0  0  1014    0    0    0    0    0    0    0    0    0    0    0    0    0    0    0    0    0    0    0    0    0    0    0    0    0    0    0    0    0    0    0    0    0    0    0    0    0    0    0    0    0    0    0    0    0    0    0    0    0    0    0
k_L  0  0  0  0  0  0  0  0  0  0  1009    0    0    0    0    0    0    0    0    0    0    0    0    0    0    0    0    0    0    0    0    0    0    0    0    0    0    0    0    0    0    0    0    0    0    0    0    0    0    0    0    0    0    0    0    0    0    0    0    0    0    0
l_L  0  0  0  0  0  0  0  0  0  0   944    0    0    0    0    0    0    0    0    0    0    0    0    0    0    0    0    0    0    0    0    0    0    0    0    0    0    0    0    0    0    0    0    0    0    0    0    0    0    0    0    0    0    0    0    0    0    0    0    0    0    0
m_L  0  0  0  0  0  0  0  0  0  0   959    0    0    0    0    0    0    0    0    0    0    0    0    0    0    0    0    0    0    0    0    0    0    0    0    0    0    0    0    0    0    0    0    0    0    0    0    0    0    0    0    0    0    0    0    0    0    0    0    0    0    0
n_L  0  0  0  0  0  0  0  0  0  0   937    0    0    0    0    0    0    0    0    0    0    0    0    0    0    0    0    0    0    0    0    0    0    0    0    0    0    0    0    0    0    0    0    0    0    0    0    0    0    0    0    0    0    0    0    0    0    0    0    0    0    0
o_L  0  0  0  0  0  0  0  0  0  0   935    0    0    0    0    0    0    0    0    0    0    0    0    0    0    0    0    0    0    0    0    0    0    0    0    0    0    0    0    0    0    0    0    0    0    0    0    0    0    0    0    0    0    0    0    0    0    0    0    0    0    0
p_L  0  0  0  0  0  0  0  0  0  0   965    0    0    0    0    0    0    0    0    0    0    0    0    0    0    0    0    0    0    0    0    0    0    0    0    0    0    0    0    0    0    0    0    0    0    0    0    0    0    0    0    0    0    0    0    0    0    0    0    0    0    0
q_L  0  0  0  0  0  0  0  0  0  0   973    0    0    0    0    0    0    0    0    0    0    0    0    0    0    0    0    0    0    0    0    0    0    0    0    0    0    0    0    0    0    0    0    0    0    0    0    0    0    0    0    0    0    0    0    0    0    0    0    0    0    0
r_L  0  0  0  0  0  0  0  0  0  0   981    0    0    0    0    0    0    0    0    0    0    0    0    0    0    0    0    0    0    0    0    0    0    0    0    0    0    0    0    0    0    0    0    0    0    0    0    0    0    0    0    0    0    0    0    0    0    0    0    0    0    0
s_L  0  0  0  0  0  0  0  0  0  0   957    0    0    0    0    0    0    0    0    0    0    0    0    0    0    0    0    0    0    0    0    0    0    0    0    0    0    0    0    0    0    0    0    0    0    0    0    0    0    0    0    0    0    0    0    0    0    0    0    0    0    0
t_L  0  0  0  0  0  0  0  0  0  0   957    0    0    0    0    0    0    0    0    0    0    0    0    0    0    0    0    0    0    0    0    0    0    0    0    0    0    0    0    0    0    0    0    0    0    0    0    0    0    0    0    0    0    0    0    0    0    0    0    0    0    0
u_L  0  0  0  0  0  0  0  0  0  0  1007    0    0    0    0    0    0    0    0    0    0    0    0    0    0    0    0    0    0    0    0    0    0    0    0    0    0    0    0    0    0    0    0    0    0    0    0    0    0    0    0    0    0    0    0    0    0    0    0    0    0    0
v_L  0  0  0  0  0  0  0  0  0  0   988    0    0    0    0    0    0    0    0    0    0    0    0    0    0    0    0    0    0    0    0    0    0    0    0    0    0    0    0    0    0    0    0    0    0    0    0    0    0    0    0    0    0    0    0    0    0    0    0    0    0    0
w_L  0  0  0  0  0  0  0  0  0  0   964    0    0    0    0    0    0    0    0    0    0    0    0    0    0    0    0    0    0    0    0    0    0    0    0    0    0    0    0    0    0    0    0    0    0    0    0    0    0    0    0    0    0    0    0    0    0    0    0    0    0    0
x_L  0  0  0  0  0  0  0  0  0  0   980    0    0    0    0    0    0    0    0    0    0    0    0    0    0    0    0    0    0    0    0    0    0    0    0    0    0    0    0    0    0    0    0    0    0    0    0    0    0    0    0    0    0    0    0    0    0    0    0    0    0    0
y_L  0  0  0  0  0  0  0  0  0  0   961    0    0    0    0    0    0    0    0    0    0    0    0    0    0    0    0    0    0    0    0    0    0    0    0    0    0    0    0    0    0    0    0    0    0    0    0    0    0    0    0    0    0    0    0    0    0    0    0    0    0    0
z_L  0  0  0  0  0  0  0  0  0  0   978    0    0    0    0    0    0    0    0    0    0    0    0    0    0    0    0    0    0    0    0    0    0    0    0    0    0    0    0    0    0    0    0    0    0    0    0    0    0    0    0    0    0    0    0    0    0    0    0    0    0    0

Reporte de clasificación Red Neuronal:
              precision    recall  f1-score   support

           0       0.00      0.00      0.00      1036
           1       0.00      0.00      0.00      1095
           2       0.00      0.00      0.00      1107
           3       0.00      0.00      0.00      1045
           4       0.00      0.00      0.00      1056
           5       0.00      0.00      0.00      1086
           6       0.00      0.00      0.00      1050
           7       0.00      0.00      0.00      1079
           8       0.00      0.00      0.00      1021
           9       0.00      0.00      0.00       980
         A_U       0.02      1.00      0.03       975
         B_U       0.00      0.00      0.00      1023
         C_U       0.00      0.00      0.00      1048
         D_U       0.00      0.00      0.00      1050
         E_U       0.00      0.00      0.00      1068
         F_U       0.00      0.00      0.00      1038
         G_U       0.00      0.00      0.00      1026
         H_U       0.00      0.00      0.00      1032
         I_U       0.00      0.00      0.00      1051
         J_U       0.00      0.00      0.00      1033
         K_U       0.00      0.00      0.00      1013
         L_U       0.00      0.00      0.00      1007
         M_U       0.00      0.00      0.00      1083
         N_U       0.00      0.00      0.00      1030
         O_U       0.00      0.00      0.00      1084
         P_U       0.00      0.00      0.00      1097
         Q_U       0.00      0.00      0.00      1030
         R_U       0.00      0.00      0.00      1052
         S_U       0.00      0.00      0.00      1018
         T_U       0.00      0.00      0.00      1077
         U_U       0.00      0.00      0.00      1036
         V_U       0.00      0.00      0.00      1057
         W_U       0.00      0.00      0.00      1073
         X_U       0.00      0.00      0.00      1022
         Y_U       0.00      0.00      0.00      1027
         Z_U       0.00      0.00      0.00      1052
         a_L       0.00      0.00      0.00       974
         b_L       0.00      0.00      0.00       984
         c_L       0.00      0.00      0.00      1002
         d_L       0.00      0.00      0.00       997
         e_L       0.00      0.00      0.00       961
         f_L       0.00      0.00      0.00      1018
         g_L       0.00      0.00      0.00       996
         h_L       0.00      0.00      0.00       976
         i_L       0.00      0.00      0.00       995
         j_L       0.00      0.00      0.00      1014
         k_L       0.00      0.00      0.00      1009
         l_L       0.00      0.00      0.00       944
         m_L       0.00      0.00      0.00       959
         n_L       0.00      0.00      0.00       937
         o_L       0.00      0.00      0.00       935
         p_L       0.00      0.00      0.00       965
         q_L       0.00      0.00      0.00       973
         r_L       0.00      0.00      0.00       981
         s_L       0.00      0.00      0.00       957
         t_L       0.00      0.00      0.00       957
         u_L       0.00      0.00      0.00      1007
         v_L       0.00      0.00      0.00       988
         w_L       0.00      0.00      0.00       964
         x_L       0.00      0.00      0.00       980
         y_L       0.00      0.00      0.00       961
         z_L       0.00      0.00      0.00       978

    accuracy                           0.02     63069
   macro avg       0.00      0.02      0.00     63069
weighted avg       0.00      0.02      0.00     63069
